[gd_scene load_steps=5 format=3 uid="uid://bxup2rkksx6g1"]

[ext_resource type="Script" uid="uid://bd046eokvcnu2" path="res://addons/phantom_camera/scripts/phantom_camera_host/phantom_camera_host.gd" id="2_at5uv"]
[ext_resource type="Script" uid="uid://dp870a6rqd874" path="res://Scripts/CameraController.gd" id="2_wl7jf"]
[ext_resource type="Script" uid="uid://8umksf8e80fw" path="res://addons/phantom_camera/scripts/resources/tween_resource.gd" id="4_e8utw"]

[sub_resource type="Resource" id="Resource_lcfwl"]
script = ExtResource("4_e8utw")

[node name="MainGame" type="Node3D"]

[node name="DirectionalLight3D" type="DirectionalLight3D" parent="."]
transform = Transform3D(1, 0, 0, 0, 0.80860645, 0.5883499, 0, -0.5883499, 0.80860645, 0, 0.9739627, 0)

[node name="Camera" type="Camera3D" parent="."]
transform = Transform3D(1, 0, 0, 0, 0.8944272, 0.4472136, 0, -0.4472136, 0.8944272, 0, 6.291656, 12.146173)

[node name="PhantomCameraHost" type="Node" parent="Camera"]
process_priority = 300
process_physics_priority = 300
script = ExtResource("2_at5uv")
metadata/_custom_type_script = "uid://bd046eokvcnu2"

[node name="PhantomCamera3D" type="Node3D" parent="." node_paths=PackedStringArray("transposer", "follow_target", "look_at_target")]
transform = Transform3D(0.9999976, 0, 0, 0, 0.8943163, 0.44715765, 0, -0.44715816, 0.8943153, 0, 6.291656, 12.146173)
top_level = true
script = ExtResource("2_wl7jf")
transposer = NodePath("../Transposer")
follow_mode = 5
follow_target = NodePath("../Transposer")
look_at_mode = 2
look_at_target = NodePath("../Transposer")
tween_resource = SubResource("Resource_lcfwl")
follow_offset = Vector3(0, 5, 10)
follow_damping = true
look_at_damping = true
metadata/_custom_type_script = "uid://dp870a6rqd874"

[node name="Transposer" type="Node3D" parent="."]
transform = Transform3D(1, 0, 0, 0, 1, 0, 0, 0, 1, 0, 0.84449816, 1.2518566)
